4791,2011,3,16,11,38,0,4791
4792,2011,3,16,11,38,1,4792
4793,2011,3,16,11,38,2,4793
4794,2011,3,16,11,38,3,4794
4795,2011,3,16,11,38,4,4795
4796,2011,3,16,11,38,5,4796
4797,2011,3,16,11,38,6,4797
4798,2011,3,16,11,38,7,4798
4799,2011,3,16,11,38,8,4799
4800,2011,3,16,11,38,9,4800
4801,2011,3,16,11,38,10,4801
4802,2011,3,16,11,38,11,4802
4803,2011,3,16,11,38,12,4803
4804,2011,3,16,11,38,13,4804
4805,2011,3,16,11,38,14,4805
4806,2011,3,16,11,38,15,4806
4807,2011,3,16,11,38,16,4807
4808,2011,3,16,11,38,17,4808
4809,2011,3,16,11,38,18,4809
4810,2011,3,16,11,38,19,4810
4811,2011,3,16,11,38,20,4811
4812,2011,3,16,11,38,21,4812
4813,2011,3,16,11,38,22,4813
4814,2011,3,16,11,38,23,4814
4815,2011,3,16,11,38,24,4815
4816,2011,3,16,11,38,25,4816
4817,2011,3,16,11,38,26,4817
4818,2011,3,16,11,38,27,4818
4819,2011,3,16,11,38,28,4819
4820,2011,3,16,11,38,29,4820
4821,2011,3,16,11,38,30,4821
4822,2011,3,16,11,38,31,4822
4823,2011,3,16,11,38,32,4823
4824,2011,3,16,11,38,33,4824
4825,2011,3,16,11,38,34,4825
4826,2011,3,16,11,38,35,4826
4827,2011,3,16,11,38,36,4827
4828,2011,3,16,11,38,37,4828
4829,2011,3,16,11,38,38,4829
4830,2011,3,16,11,38,39,4830
4831,2011,3,16,11,38,40,4831
4832,2011,3,16,11,38,41,4832
4833,2011,3,16,11,38,42,4833
4834,2011,3,16,11,38,43,4834
4835,2011,3,16,11,38,44,4835
4836,2011,3,16,11,38,45,4836
4837,2011,3,16,11,38,46,4837
4838,2011,3,16,11,38,47,4838
4839,2011,3,16,11,38,48,4839
4840,2011,3,16,11,38,49,4840
4841,2011,3,16,11,38,50,4841
4842,2011,3,16,11,38,51,4842
4843,2011,3,16,11,38,52,4843
4844,2011,3,16,11,38,53,4844
4845,2011,3,16,11,38,54,4845
4846,2011,3,16,11,38,55,4846
4847,2011,3,16,11,38,56,4847
4848,2011,3,16,11,38,57,4848
4849,2011,3,16,11,38,58,4849
4850,2011,3,16,11,38,59,4850
4851,2011,3,16,11,39,0,4851
4852,2011,3,16,11,39,1,4852
4853,2011,3,16,11,39,2,4853
4854,2011,3,16,11,39,3,4854
4855,2011,3,16,11,39,4,4855
4856,2011,3,16,11,39,5,4856
4857,2011,3,16,11,39,6,4857
4858,2011,3,16,11,39,7,4858
4859,2011,3,16,11,39,8,4859
4860,2011,3,16,11,39,9,4860
4861,2011,3,16,11,39,10,4861
4862,2011,3,16,11,39,11,4862
4863,2011,3,16,11,39,12,4863
4864,2011,3,16,11,39,13,4864
4865,2011,3,16,11,39,14,4865
4866,2011,3,16,11,39,15,4866
4867,2011,3,16,11,39,16,4867
4868,2011,3,16,11,39,17,4868
4869,2011,3,16,11,39,18,4869
4870,2011,3,16,11,39,19,4870
4871,2011,3,16,11,39,20,4871
4872,2011,3,16,11,39,21,4872
4873,2011,3,16,11,39,22,4873
4874,2011,3,16,11,39,23,4874
4875,2011,3,16,11,39,24,4875
4876,2011,3,16,11,39,25,4876
4877,2011,3,16,11,39,26,4877
4878,2011,3,16,11,39,27,4878
4879,2011,3,16,11,39,28,4879
4880,2011,3,16,11,39,29,4880
4881,2011,3,16,11,39,30,4881
4882,2011,3,16,11,39,31,4882
4883,2011,3,16,11,39,32,4883
4884,2011,3,16,11,39,33,4884
4885,2011,3,16,11,39,34,4885
4886,2011,3,16,11,39,35,4886
4887,2011,3,16,11,39,36,4887
4888,2011,3,16,11,39,37,4888
4889,2011,3,16,11,39,38,4889
4890,2011,3,16,11,39,39,4890
4891,2011,3,16,11,39,40,4891
4892,2011,3,16,11,39,41,4892
4893,2011,3,16,11,39,42,4893
4894,2011,3,16,11,39,43,4894
4895,2011,3,16,11,39,44,4895
4896,2011,3,16,11,39,45,4896
4897,2011,3,16,11,39,46,4897
4898,2011,3,16,11,39,47,4898
4899,2011,3,16,11,39,48,4899
4900,2011,3,16,11,39,49,4900
4901,2011,3,16,11,39,50,4901
4902,2011,3,16,11,39,51,4902
4903,2011,3,16,11,39,52,4903
4904,2011,3,16,11,39,53,4904
4905,2011,3,16,11,39,54,4905
4906,2011,3,16,11,39,55,4906
4907,2011,3,16,11,39,56,4907
4908,2011,3,16,11,39,57,4908
4909,2011,3,16,11,39,58,4909
4910,2011,3,16,11,39,59,4910
4911,2011,3,16,11,40,0,4911
4912,2011,3,16,11,40,1,4912
4913,2011,3,16,11,40,2,4913
4914,2011,3,16,11,40,3,4914
4915,2011,3,16,11,40,4,4915
4916,2011,3,16,11,40,5,4916
4917,2011,3,16,11,40,6,4917
4918,2011,3,16,11,40,7,4918
4919,2011,3,16,11,40,8,4919
4920,2011,3,16,11,40,9,4920
4921,2011,3,16,11,40,10,4921
4922,2011,3,16,11,40,11,4922
4923,2011,3,16,11,40,12,4923
4924,2011,3,16,11,40,13,4924
4925,2011,3,16,11,40,14,4925
4926,2011,3,16,11,40,15,4926
4927,2011,3,16,11,40,16,4927
4928,2011,3,16,11,40,17,4928
4929,2011,3,16,11,40,18,4929
4930,2011,3,16,11,40,19,4930
4931,2011,3,16,11,40,20,4931
4932,2011,3,16,11,40,21,4932
4933,2011,3,16,11,40,22,4933
4934,2011,3,16,11,40,23,4934
4935,2011,3,16,11,40,24,4935
4936,2011,3,16,11,40,25,4936
4937,2011,3,16,11,40,26,4937
4938,2011,3,16,11,40,27,4938
4939,2011,3,16,11,40,28,4939
4940,2011,3,16,11,40,29,4940
4941,2011,3,16,11,40,30,4941
4942,2011,3,16,11,40,31,4942
4943,2011,3,16,11,40,32,4943
4944,2011,3,16,11,40,33,4944
4945,2011,3,16,11,40,34,4945
4946,2011,3,16,11,40,35,4946
4947,2011,3,16,11,40,36,4947
4948,2011,3,16,11,40,37,4948
4949,2011,3,16,11,40,38,4949
4950,2011,3,16,11,40,39,4950
4951,2011,3,16,11,40,40,4951
4952,2011,3,16,11,40,41,4952
4953,2011,3,16,11,40,42,4953
4954,2011,3,16,11,40,43,4954
4955,2011,3,16,11,40,44,4955
4956,2011,3,16,11,40,45,4956
4957,2011,3,16,11,40,46,4957
4958,2011,3,16,11,40,47,4958
4959,2011,3,16,11,40,48,4959
4960,2011,3,16,11,40,49,4960
4961,2011,3,16,11,40,50,4961
4962,2011,3,16,11,40,51,4962
4963,2011,3,16,11,40,52,4963
4964,2011,3,16,11,40,53,4964
4965,2011,3,16,11,40,54,4965
4966,2011,3,16,11,40,55,4966
4967,2011,3,16,11,40,56,4967
4968,2011,3,16,11,40,57,4968
4969,2011,3,16,11,40,58,4969
4970,2011,3,16,11,40,59,4970
4971,2011,3,16,11,41,0,4971
4972,2011,3,16,11,41,1,4972
4973,2011,3,16,11,41,2,4973
4974,2011,3,16,11,41,3,4974
4975,2011,3,16,11,41,4,4975
4976,2011,3,16,11,41,5,4976
4977,2011,3,16,11,41,6,4977
4978,2011,3,16,11,41,7,4978
4979,2011,3,16,11,41,8,4979
4980,2011,3,16,11,41,9,4980
4981,2011,3,16,11,41,10,4981
4982,2011,3,16,11,41,11,4982
4983,2011,3,16,11,41,12,4983
4984,2011,3,16,11,41,13,4984
4985,2011,3,16,11,41,14,4985
4986,2011,3,16,11,41,15,4986
4987,2011,3,16,11,41,16,4987
4988,2011,3,16,11,41,17,4988
4989,2011,3,16,11,41,18,4989
4990,2011,3,16,11,41,19,4990
4991,2011,3,16,11,41,20,4991
4992,2011,3,16,11,41,21,4992
4993,2011,3,16,11,41,22,4993
4994,2011,3,16,11,41,23,4994
4995,2011,3,16,11,41,24,4995
4996,2011,3,16,11,41,25,4996
4997,2011,3,16,11,41,26,4997
4998,2011,3,16,11,41,27,4998
4999,2011,3,16,11,41,28,4999
5000,2011,3,16,11,41,29,5000
5001,2011,3,16,11,41,30,5001
5002,2011,3,16,11,41,31,5002
5003,2011,3,16,11,41,32,5003
5004,2011,3,16,11,41,33,5004
5005,2011,3,16,11,41,34,5005
5006,2011,3,16,11,41,35,5006
5007,2011,3,16,11,41,36,5007
5008,2011,3,16,11,41,37,5008
5009,2011,3,16,11,41,38,5009
5010,2011,3,16,11,41,39,5010
5011,2011,3,16,11,41,40,5011
5012,2011,3,16,11,41,41,5012
5013,2011,3,16,11,41,42,5013
5014,2011,3,16,11,41,43,5014
5015,2011,3,16,11,41,44,5015
5016,2011,3,16,11,41,45,5016
5017,2011,3,16,11,41,46,5017
5018,2011,3,16,11,41,47,5018
5019,2011,3,16,11,41,48,5019
5020,2011,3,16,11,41,49,5020
5021,2011,3,16,11,41,50,5021
5022,2011,3,16,11,41,51,5022
5023,2011,3,16,11,41,52,5023
5024,2011,3,16,11,41,53,5024
5025,2011,3,16,11,41,54,5025
5026,2011,3,16,11,41,55,5026
5027,2011,3,16,11,41,56,5027
5028,2011,3,16,11,41,57,5028
5029,2011,3,16,11,41,58,5029
5030,2011,3,16,11,41,59,5030
5031,2011,3,16,11,42,0,5031
5032,2011,3,16,11,42,1,5032
5033,2011,3,16,11,42,2,5033
5034,2011,3,16,11,42,3,5034
5035,2011,3,16,11,42,4,5035
5036,2011,3,16,11,42,5,5036
5037,2011,3,16,11,42,6,5037
5038,2011,3,16,11,42,7,5038
5039,2011,3,16,11,42,8,5039
5040,2011,3,16,11,42,9,5040
5041,2011,3,16,11,42,10,5041
5042,2011,3,16,11,42,11,5042
5043,2011,3,16,11,42,12,5043
5044,2011,3,16,11,42,13,5044
5045,2011,3,16,11,42,14,5045
5046,2011,3,16,11,42,15,5046
5047,2011,3,16,11,42,16,5047
5048,2011,3,16,11,42,17,5048
5049,2011,3,16,11,42,18,5049
5050,2011,3,16,11,42,19,5050
5051,2011,3,16,11,42,20,5051
5052,2011,3,16,11,42,21,5052
5053,2011,3,16,11,42,22,5053
5054,2011,3,16,11,42,23,5054
5055,2011,3,16,11,42,24,5055
5056,2011,3,16,11,42,25,5056
5057,2011,3,16,11,42,26,5057
5058,2011,3,16,11,42,27,5058
5059,2011,3,16,11,42,28,5059
5060,2011,3,16,11,42,29,5060
5061,2011,3,16,11,42,30,5061
5062,2011,3,16,11,42,31,5062
5063,2011,3,16,11,42,32,5063
5064,2011,3,16,11,42,33,5064
5065,2011,3,16,11,42,34,5065
5066,2011,3,16,11,42,35,5066
5067,2011,3,16,11,42,36,5067
5068,2011,3,16,11,42,37,5068
5069,2011,3,16,11,42,38,5069
5070,2011,3,16,11,42,39,5070
5071,2011,3,16,11,42,40,5071
5072,2011,3,16,11,42,41,5072
5073,2011,3,16,11,42,42,5073
5074,2011,3,16,11,42,43,5074
5075,2011,3,16,11,42,44,5075
5076,2011,3,16,11,42,45,5076
5077,2011,3,16,11,42,46,5077
5078,2011,3,16,11,42,47,5078
5079,2011,3,16,11,42,48,5079
5080,2011,3,16,11,42,49,5080
5081,2011,3,16,11,42,50,5081
5082,2011,3,16,11,42,51,5082
5083,2011,3,16,11,42,52,5083
5084,2011,3,16,11,42,53,5084
5085,2011,3,16,11,42,54,5085
5086,2011,3,16,11,42,55,5086
5087,2011,3,16,11,42,56,5087
5088,2011,3,16,11,42,57,5088
5089,2011,3,16,11,42,58,5089
5090,2011,3,16,11,42,59,5090
5091,2011,3,16,11,43,0,5091
